Testcase 1 4
1 2 3
1 3 4
1 4 2
2 3 2
2 4 1
3 4 1
End Testcase 1
Testcase 2 4
1 2 3
1 3 4
1 4 2
2 3 2
3 4 1
End Testcase 2
Testcase 3 5
1 2 3
1 3 4
1 4 2
2 3 2
3 4 1
End Testcase 3
Testcase 4 6
1 2 3
1 3 4
1 4 2
2 3 2
3 4 1
5 6 3
End Testcase 4
Testcase 5 10
1 2 4
1 3 1
1 4 2
2 3 4
2 5 2
3 4 3
3 6 5
4 7 7
5 6 11
5 8 8
6 7 1
6 9 2
7 10 5
8 9 7
9 10 6
End Testcase 5
Testcase 6 5
1 2 3
1 3 4
1 4 2
2 3 2
3 4 1
End Testcase 6
Testcase 7 5
1 3 40
2 5 91
1 4 82
4 5 98
2 3 17
End Testcase 7
Testcase 8 50
14 35 89
10 26 81
12 39 24
41 43 28
29 33 71
44 45 73
3 41 44
40 47 48
17 31 81
6 24 74
11 19 5
29 32 24
24 44 10
3 7 63
2 12 10
37 38 98
4 35 1
4 44 28
28 29 56
11 21 53
12 41 57
8 16 64
28 43 55
6 29 63
30 48 14
35 46 71
11 48 1
9 41 37
28 34 44
6 48 59
18 40 48
16 26 27
31 32 78
29 30 32
40 44 40
9 44 8
1 11 94
31 35 80
20 29 20
13 46 5
24 43 21
16 19 78
14 40 79
20 33 5
11 25 89
3 6 59
18 42 22
24 40 65
3 35 42
5 12 70
End Testcase 8
Testcase 9 50
5 36 94
6 40 72
13 38 59
23 48 44
20 37 65
22 34 41
40 44 84
23 25 52
1 32 98
3 30 29
13 20 96
11 37 60
21 24 13
46 50 39
2 19 71
28 42 98
24 38 97
3 18 71
33 36 57
27 39 2
24 29 91
10 47 86
10 36 83
44 47 30
18 40 51
45 46 9
20 43 90
7 13 44
2 42 62
6 19 15
12 44 37
17 18 73
6 48 62
28 43 47
34 35 12
18 33 54
42 44 26
10 16 3
19 29 96
18 29 88
13 49 97
45 49 19
18 30 69
2 11 65
43 45 9
12 33 89
23 45 56
16 40 29
11 36 34
15 17 52
12 46 71
7 50 30
26 38 95
46 48 49
13 21 13
7 17 26
34 43 58
33 50 58
6 21 19
29 42 84
5 46 44
15 22 48
18 44 84
11 28 28
14 33 53
1 16 51
23 26 25
17 23 33
16 37 73
29 48 73
28 44 23
35 40 13
10 18 28
18 46 12
18 34 72
16 45 78
41 47 40
1 26 62
1 12 63
18 23 40
8 35 83
12 26 81
3 16 34
1 10 42
9 38 95
3 25 55
1 24 85
11 42 79
15 45 29
27 48 74
19 23 49
5 48 25
3 39 82
9 14 43
1 4 91
31 48 79
43 44 26
30 32 19
16 26 63
31 43 51
12 49 27
20 42 93
6 13 79
6 33 72
17 31 42
4 49 29
19 40 65
14 48 47
8 34 84
42 48 2
2 45 71
15 25 35
21 49 64
7 29 87
6 7 7
6 47 78
40 45 18
18 43 53
24 32 68
16 18 37
39 46 6
25 43 80
37 45 68
17 24 16
7 49 11
11 31 44
6 44 11
7 34 20
1 49 62
6 22 53
6 42 42
38 40 68
10 30 22
6 41 66
19 20 86
17 38 30
29 41 18
13 45 4
9 43 73
39 48 51
25 38 89
6 37 81
11 50 50
14 39 13
24 35 75
29 49 70
5 19 19
15 30 55
6 45 12
4 43 69
End Testcase 9
Testcase 10 200
69 106 59
13 101 32
49 105 93
112 182 49
107 148 55
85 151 54
151 174 56
84 158 36
7 196 6
126 149 69
65 162 5
43 92 9
69 114 31
24 111 46
35 78 52
62 71 22
26 54 18
45 107 28
123 200 92
34 73 99
32 156 17
36 192 90
34 138 77
125 200 96
128 151 26
37 73 12
81 108 65
88 159 12
129 168 59
84 111 59
92 126 64
53 136 13
82 111 62
113 150 81
94 165 42
68 162 23
52 62 16
8 198 46
5 135 87
29 151 27
94 146 48
78 139 85
69 155 82
2 173 45
116 183 21
40 51 40
98 157 39
64 99 15
13 62 12
24 156 58
27 92 66
134 199 100
32 33 8
64 135 58
16 152 99
118 133 21
4 148 91
7 152 57
33 164 80
115 132 100
16 27 19
1 142 4
17 36 90
115 127 83
182 187 65
94 163 4
50 112 61
8 52 16
49 92 56
170 188 53
22 81 18
188 199 81
43 53 55
49 132 15
82 185 52
74 90 77
131 171 37
11 49 50
45 192 68
11 90 13
55 165 65
23 164 51
111 180 86
148 155 78
71 186 26
47 132 73
71 101 31
14 124 30
80 133 25
131 156 77
91 189 59
61 131 35
100 113 49
50 177 13
81 99 80
11 99 5
101 132 15
121 127 62
64 190 78
18 188 97
44 66 84
20 199 23
181 200 25
32 159 4
138 158 21
78 96 29
59 105 46
110 135 22
23 142 24
64 176 88
25 106 18
20 162 76
98 166 68
72 184 66
83 148 33
34 131 21
27 56 3
46 192 55
8 73 59
30 59 24
37 102 9
61 139 45
29 46 53
131 144 75
5 31 65
39 44 68
63 175 90
81 118 4
44 92 46
41 80 93
6 30 72
15 105 65
31 64 69
22 106 16
6 26 94
149 169 27
21 136 88
76 143 66
119 175 21
14 126 32
21 40 26
110 158 88
44 95 66
12 145 28
76 173 99
168 190 79
27 51 1
6 45 18
66 113 43
147 189 97
90 189 73
46 128 34
10 67 40
71 181 81
156 189 94
34 178 40
61 143 8
157 187 79
6 111 8
141 161 31
131 195 48
58 136 72
57 71 62
104 194 60
25 57 44
83 119 49
49 77 72
53 73 9
137 192 4
78 182 20
4 169 16
90 193 73
141 152 20
49 175 13
58 191 39
6 49 6
28 158 76
14 174 22
53 81 84
59 101 100
100 158 23
26 83 42
114 117 78
94 174 3
36 101 66
133 140 45
42 90 99
16 126 63
70 196 46
126 140 61
17 84 96
36 187 36
71 151 5
30 130 90
68 180 93
142 181 98
24 92 89
42 157 14
26 97 16
18 192 52
33 140 23
69 194 9
34 160 31
118 166 13
114 197 57
65 84 65
2 190 48
57 103 74
17 70 11
36 41 54
145 180 78
113 122 95
25 34 27
9 66 71
62 170 25
100 179 1
154 195 68
36 124 38
158 165 10
23 136 89
47 99 59
12 191 39
77 170 71
82 177 34
76 119 63
33 176 77
85 152 50
108 132 42
26 136 37
103 171 75
45 115 29
112 199 31
60 153 49
139 177 46
6 154 73
137 146 31
27 141 56
68 168 48
103 110 92
2 70 69
91 184 39
81 196 92
48 144 1
9 124 48
36 146 69
89 200 39
117 131 47
107 178 7
36 128 52
127 129 51
76 93 78
67 124 54
8 102 70
90 99 55
139 143 62
69 123 50
191 196 35
63 160 84
23 92 86
112 113 90
5 49 14
97 188 24
75 140 47
40 41 1
133 183 51
152 169 94
47 184 10
173 174 85
96 123 77
4 142 85
1 42 72
23 72 58
60 140 50
7 58 63
118 152 28
125 129 48
17 97 72
44 52 50
58 164 50
3 103 54
26 40 80
87 190 71
44 77 33
166 173 82
5 193 66
81 109 83
60 168 96
19 178 10
17 133 53
85 190 33
159 168 83
36 81 41
76 165 32
37 186 30
26 37 83
128 143 96
64 140 91
149 191 25
60 83 7
140 194 84
53 198 66
50 82 69
115 179 91
86 92 3
89 144 81
75 142 58
50 165 45
35 172 67
63 68 70
81 111 60
58 115 88
20 127 17
20 179 78
176 187 68
25 69 76
152 166 87
15 21 85
133 169 72
16 143 82
194 199 75
61 167 31
103 147 95
92 147 86
27 140 96
13 39 16
64 77 2
7 80 33
84 178 42
129 183 15
2 39 15
197 200 87
76 200 66
107 166 73
92 155 20
21 179 26
83 86 36
26 55 97
24 40 7
22 157 31
34 115 54
82 175 56
150 171 26
10 91 26
38 98 52
78 94 34
37 101 44
59 142 39
16 168 42
12 120 51
106 123 48
16 118 92
8 170 11
37 152 93
85 100 47
167 184 20
19 151 8
31 200 40
5 119 80
35 177 14
36 39 70
119 183 51
73 83 36
69 163 25
24 198 52
75 78 66
153 188 87
72 112 11
149 190 62
129 177 100
14 75 97
83 156 54
105 185 6
38 101 67
43 75 48
103 133 55
162 200 29
138 157 33
8 122 29
31 105 46
139 162 91
53 199 54
134 149 89
154 163 54
137 170 16
37 43 34
121 152 65
97 107 60
90 198 87
29 142 87
97 137 26
26 109 30
75 92 17
50 53 79
101 157 13
49 162 20
20 186 83
76 152 60
108 171 98
6 115 13
111 117 88
67 115 88
31 171 91
90 200 100
160 174 68
157 189 29
27 64 5
138 166 23
29 150 59
38 180 21
11 158 45
99 198 48
16 29 83
29 170 89
80 153 48
104 164 51
39 191 26
62 190 54
52 141 63
60 167 88
15 24 87
9 193 36
21 140 94
85 99 42
27 182 36
62 107 1
24 91 13
34 93 32
37 99 81
78 84 65
100 147 67
111 165 28
8 191 41
90 91 85
68 135 65
57 89 90
40 195 37
29 49 3
57 107 12
110 134 3
85 189 48
80 154 57
67 178 96
39 73 68
165 192 15
28 190 60
31 96 17
28 138 100
83 169 92
62 92 16
40 109 23
62 118 61
133 184 52
6 90 27
145 196 4
119 135 41
40 174 43
178 190 59
30 120 5
109 186 82
116 138 45
199 200 7
28 98 6
70 198 52
7 86 56
140 164 27
147 151 78
99 170 9
110 124 1
166 188 83
59 75 98
7 93 88
13 85 18
168 194 26
13 180 37
70 184 89
94 180 38
41 57 63
10 63 93
63 135 55
108 195 65
40 52 30
11 131 66
86 106 51
30 102 87
50 126 25
159 195 2
58 194 18
72 180 81
104 170 5
40 66 26
35 164 16
88 124 67
114 115 63
145 161 67
19 63 43
63 101 79
101 150 43
11 141 33
38 142 81
64 162 96
74 122 3
54 102 72
13 24 8
2 41 15
16 189 62
22 63 65
102 172 76
157 179 93
85 94 79
106 113 26
7 141 55
19 186 40
14 123 68
53 167 29
112 130 76
56 123 58
132 162 9
95 105 44
47 142 38
44 94 20
58 72 12
98 198 51
41 45 63
45 151 28
66 85 86
103 184 23
169 184 97
109 117 91
2 43 51
12 147 78
16 109 43
14 193 1
137 188 1
87 153 9
84 185 62
31 58 6
40 60 15
40 127 12
5 160 10
61 88 12
159 182 88
70 78 48
105 124 58
13 23 48
88 139 27
86 141 62
140 181 97
134 181 97
17 24 34
32 68 21
55 195 61
103 194 44
43 74 73
86 140 17
44 197 76
48 75 59
60 104 94
107 159 89
114 132 55
85 153 28
45 140 80
145 183 22
70 120 61
33 42 30
52 169 76
54 156 97
23 114 58
157 182 23
133 167 76
63 74 83
31 86 81
75 170 44
19 156 84
56 146 93
26 158 81
44 71 65
6 183 28
42 158 72
27 112 2
148 169 8
9 114 86
12 122 52
83 99 94
39 89 42
70 188 54
25 148 26
95 145 27
2 160 22
69 168 3
59 134 34
3 67 54
8 28 88
125 172 30
53 55 82
101 121 16
174 186 78
2 14 71
100 137 12
105 165 75
171 194 13
12 118 21
26 144 74
7 140 41
40 130 55
14 18 37
57 166 63
123 174 16
47 61 9
8 197 70
102 163 55
62 111 34
32 199 26
38 106 78
52 53 54
122 137 63
80 136 57
12 129 79
69 125 77
18 175 43
74 127 75
31 180 40
39 123 50
2 111 83
69 199 19
13 26 5
112 189 29
145 192 39
83 186 16
68 154 98
63 141 78
15 192 1
20 125 58
3 120 37
2 102 69
36 114 46
70 114 11
142 198 43
25 160 87
5 168 2
115 148 62
29 47 37
9 67 94
122 200 3
138 141 66
51 183 29
99 155 76
32 110 39
42 109 86
160 172 6
73 82 58
131 154 81
78 185 44
63 147 77
74 102 77
71 194 44
95 146 70
149 198 81
84 105 100
122 198 40
34 81 35
40 158 33
67 138 33
14 48 67
121 124 14
7 83 10
120 149 44
127 169 61
132 161 89
7 45 27
81 115 91
167 198 14
47 197 17
48 88 40
157 199 94
69 148 12
41 114 50
48 107 35
1 92 38
22 48 63
143 189 48
91 169 37
92 183 60
90 154 80
97 182 61
57 188 32
17 81 45
13 18 22
61 170 23
28 141 16
47 74 61
26 135 2
4 70 29
17 147 50
34 175 87
181 184 51
77 175 7
166 196 33
39 186 19
179 196 15
74 110 25
110 168 8
144 184 95
65 189 4
51 141 24
166 200 27
15 123 2
78 161 84
15 138 86
17 179 12
19 114 17
4 15 17
60 64 52
104 140 13
8 165 96
120 124 60
61 176 73
106 170 94
189 196 17
42 65 5
9 177 42
108 128 39
150 190 74
1 47 83
151 173 26
85 181 62
27 134 31
46 114 65
2 118 19
30 89 63
37 78 94
2 185 83
119 182 65
59 122 69
84 124 37
12 45 29
122 145 56
81 145 95
32 87 14
179 186 11
34 51 2
75 197 35
133 175 78
21 142 30
23 140 93
166 183 37
49 107 60
30 81 67
55 69 61
35 74 8
34 155 44
181 190 50
81 171 88
35 93 70
23 107 73
53 95 54
18 93 45
3 71 99
15 43 94
90 152 15
77 115 6
129 145 33
34 64 61
41 142 18
10 145 87
33 117 7
31 136 70
27 97 52
100 138 53
116 130 1
39 197 12
65 79 7
123 190 28
8 13 50
105 196 42
106 154 28
33 104 11
33 126 33
133 196 43
60 191 52
148 163 11
131 153 1
98 128 6
22 171 23
157 191 26
3 64 14
76 166 14
172 181 38
14 163 34
157 164 80
92 174 48
88 182 85
13 158 68
102 139 45
114 185 67
118 158 21
66 115 37
25 60 20
9 62 22
96 132 24
9 81 8
58 83 55
82 156 60
168 184 18
11 126 93
85 172 52
105 138 31
128 129 66
13 97 81
18 189 98
109 129 33
80 169 89
150 178 66
28 191 4
47 121 90
38 163 80
78 198 46
29 141 37
29 78 32
67 185 59
160 199 20
48 126 31
29 126 3
87 115 82
52 155 78
3 73 3
61 84 86
19 99 92
35 48 97
48 67 24
49 52 6
7 30 65
93 130 17
60 193 71
126 197 4
33 132 2
18 187 40
66 72 17
149 160 68
43 118 76
2 86 87
27 156 34
93 167 85
85 159 22
127 198 37
99 127 20
7 79 58
185 199 33
141 178 72
57 155 54
111 146 74
47 168 2
103 161 63
140 175 6
13 50 92
141 182 94
45 79 27
33 57 81
23 180 16
130 150 17
103 145 47
18 32 54
84 127 30
104 154 65
128 196 60
12 140 6
47 196 60
181 185 35
60 194 4
25 124 64
38 40 21
93 125 73
13 161 42
6 179 86
47 200 78
25 99 25
135 174 5
103 170 32
16 177 50
97 147 60
104 127 66
166 172 50
27 59 75
124 135 12
37 110 69
9 151 56
27 109 64
141 162 81
98 200 82
119 165 99
13 146 67
95 192 43
109 134 66
65 156 62
14 121 88
101 141 98
55 119 74
181 196 2
46 185 83
134 195 9
13 87 31
4 104 91
27 45 87
86 137 1
20 65 31
103 151 86
130 133 91
95 181 26
27 188 74
42 183 66
150 198 36
48 106 58
41 139 88
78 167 79
68 107 85
9 29 12
70 119 50
130 136 48
124 160 52
67 88 10
34 107 79
145 160 60
12 70 84
102 144 5
162 196 83
150 165 76
111 183 76
38 174 15
37 62 39
176 191 13
150 200 97
154 158 9
100 182 63
63 127 32
191 197 83
35 197 56
93 148 90
15 181 10
54 131 86
32 130 87
38 199 58
38 175 10
74 135 98
57 181 36
76 97 53
8 181 1
19 125 92
38 52 73
99 129 70
90 132 80
33 193 84
69 87 17
93 150 32
25 161 98
77 187 74
11 68 53
128 200 78
56 88 13
29 97 83
148 152 42
41 179 62
40 172 36
24 199 68
53 68 53
50 133 13
24 173 53
73 96 22
45 198 97
149 150 73
115 165 57
132 191 60
164 195 28
86 186 61
21 52 78
151 190 8
4 96 10
26 177 94
44 177 69
22 62 56
9 117 51
79 149 59
124 164 17
135 164 64
101 158 71
96 144 36
54 81 72
116 160 63
4 99 82
29 163 73
32 79 3
68 76 59
22 189 17
114 184 70
20 187 46
136 195 77
118 148 43
38 70 20
45 174 74
143 170 97
2 151 28
118 159 21
End Testcase 10