Testcase 0 200
122 141 6
80 110 16
43 54 61
99 100 32
77 186 2
30 66 18
87 181 56
31 116 96
49 72 20
84 156 45
26 175 82
28 200 35
3 33 30
51 183 76
19 194 17
43 75 95
15 128 57
142 195 27
9 89 26
35 136 6
7 57 47
64 124 34
17 146 60
114 150 78
46 106 97
30 115 52
192 195 76
11 152 42
79 93 47
27 135 48
50 129 97
27 57 43
101 195 4
33 160 63
164 169 37
63 94 13
62 92 7
61 67 26
31 168 10
165 185 60
4 139 68
142 151 26
79 195 50
4 55 23
88 91 7
23 80 66
129 142 95
6 9 20
28 119 71
141 176 72
47 177 50
53 68 70
27 45 21
44 118 37
4 78 78
116 198 21
65 67 84
151 193 97
47 130 38
87 125 43
73 186 88
28 178 65
138 175 95
107 189 5
103 136 31
43 135 63
112 165 29
86 108 33
40 136 88
148 157 20
17 120 95
53 108 60
160 186 12
6 154 12
10 24 65
4 138 8
171 180 73
99 161 16
69 127 77
33 67 7
62 64 19
76 144 63
41 126 73
159 166 72
63 119 89
102 137 94
41 102 73
121 148 60
27 175 45
48 126 9
35 119 92
121 125 17
122 193 29
88 185 34
57 118 34
50 164 88
82 107 38
14 145 92
55 145 18
27 140 76
87 194 92
45 167 43
46 159 21
79 187 100
25 200 22
61 183 76
122 136 42
154 155 35
18 139 66
76 139 44
57 115 79
44 133 23
32 136 92
77 189 81
43 157 8
1 162 28
60 161 83
6 63 76
11 66 70
75 118 73
12 118 27
60 83 89
53 56 83
102 104 31
114 123 53
82 88 99
176 194 84
18 45 92
20 58 64
9 50 54
85 175 97
50 74 20
35 57 35
43 125 38
90 180 25
124 140 55
52 98 74
38 155 65
166 169 79
17 63 72
70 199 63
78 157 26
23 143 3
18 183 38
27 79 81
32 56 70
10 162 55
149 158 54
93 174 61
73 113 83
12 35 52
13 62 81
86 191 55
136 160 90
46 55 57
44 89 78
14 113 99
186 199 40
84 106 97
23 134 93
35 126 46
22 158 82
15 38 54
10 153 44
28 62 38
31 156 77
100 142 68
5 72 51
108 123 10
98 119 52
26 50 69
38 139 14
67 124 92
12 53 63
13 33 40
82 103 63
5 173 58
36 143 69
12 136 49
56 134 68
100 177 82
37 150 48
111 195 67
51 109 91
15 127 43
14 155 61
145 171 93
159 185 20
50 90 6
164 199 69
15 85 69
76 165 49
60 94 75
37 104 79
144 171 12
5 128 14
33 164 60
9 70 83
96 128 77
1 141 97
137 170 89
51 98 100
66 169 3
165 198 100
15 71 89
38 156 80
45 176 93
6 58 61
61 84 51
108 177 97
72 74 58
51 152 25
116 154 41
83 189 88
115 128 47
51 54 7
160 192 54
46 83 12
52 190 43
95 196 36
28 181 37
38 102 19
111 136 50
21 168 26
67 92 30
23 96 41
109 179 34
135 179 22
4 119 93
15 17 99
13 199 15
189 196 36
18 190 71
95 200 84
39 136 24
4 86 55
48 142 43
88 153 75
12 198 47
33 88 89
46 169 8
32 145 25
37 86 46
146 198 87
92 185 48
54 168 10
9 109 3
134 187 60
48 49 83
35 157 26
2 102 71
51 103 64
98 176 52
22 26 95
73 150 48
84 92 85
30 186 36
15 154 57
23 181 96
47 106 22
94 123 90
29 98 86
57 164 63
65 172 50
12 135 42
35 130 54
77 108 40
118 158 35
33 78 49
26 37 2
10 65 5
66 135 57
61 150 53
9 26 82
26 123 66
101 123 90
133 153 63
114 192 90
29 125 41
32 172 25
60 129 21
183 186 55
54 89 25
55 167 78
25 145 11
98 110 87
73 172 60
33 159 57
25 167 92
21 116 5
26 44 55
84 95 72
81 96 66
129 159 88
98 106 82
119 148 35
182 191 56
55 74 42
39 146 24
153 187 64
114 185 58
77 194 34
31 189 93
66 145 84
14 160 44
57 122 62
76 155 62
45 80 86
20 59 43
134 169 37
80 182 15
9 184 36
41 200 2
64 123 89
48 85 27
81 121 70
36 41 7
64 65 24
33 146 56
51 81 93
9 163 82
142 149 80
52 184 74
31 120 94
18 41 3
39 99 18
15 28 89
45 119 9
126 156 14
125 195 58
35 184 9
119 122 84
122 177 11
56 60 6
109 189 86
27 121 96
66 165 53
7 69 17
21 140 9
40 126 95
119 163 69
18 120 18
12 97 53
14 77 69
117 147 44
34 88 23
14 88 74
161 200 72
135 193 65
36 130 45
173 193 3
96 181 77
75 145 74
62 178 15
34 90 37
21 167 36
72 73 38
21 34 90
125 192 31
79 119 2
80 171 15
13 65 66
94 188 97
23 114 70
117 139 73
46 104 5
72 112 7
95 159 11
6 34 57
115 198 71
22 136 97
9 147 34
87 103 12
48 157 77
10 123 13
63 153 52
100 110 64
93 143 77
3 198 36
74 95 40
99 162 95
80 183 78
30 112 86
183 191 4
67 108 65
110 188 38
26 160 98
84 112 77
1 12 38
37 135 80
19 144 41
11 42 23
2 129 22
112 144 96
41 63 39
59 156 93
159 196 20
55 162 97
3 6 63
83 162 5
116 172 47
48 57 45
13 58 55
6 115 35
47 123 72
46 127 25
61 72 3
30 77 34
29 65 12
55 78 14
138 141 8
53 115 30
139 179 6
5 6 86
100 199 16
76 116 63
24 55 61
34 63 42
77 159 33
111 177 62
19 33 7
24 190 66
55 138 64
133 196 48
36 77 12
104 142 40
48 158 95
111 198 72
19 65 48
66 103 8
8 196 81
42 193 18
118 139 43
87 188 18
121 141 98
65 134 76
4 176 35
151 162 53
23 58 51
153 190 22
51 173 16
85 193 96
24 77 53
25 194 85
5 131 37
27 104 56
17 162 14
7 31 31
108 158 99
163 169 92
138 189 99
31 55 40
7 53 20
99 146 52
11 51 85
64 90 8
46 66 85
20 169 1
65 91 36
112 121 34
157 195 78
28 129 3
55 91 12
52 77 39
82 172 64
9 66 10
55 61 49
4 42 65
129 174 86
139 159 49
87 165 51
65 97 3
85 173 43
118 137 19
3 84 55
21 145 46
26 83 93
2 189 85
36 127 26
53 92 65
128 147 7
53 132 74
95 172 89
23 136 51
4 190 72
11 156 18
113 160 15
15 101 89
16 99 88
10 132 8
87 90 91
59 71 51
75 196 41
50 67 10
60 93 15
56 131 50
38 113 12
26 39 12
16 111 94
36 68 30
67 136 47
49 126 100
32 120 47
103 169 49
161 188 63
142 184 87
183 196 45
86 195 32
105 140 61
50 177 34
150 194 75
16 62 4
59 191 89
162 187 31
127 155 35
142 168 81
85 100 79
77 120 76
13 18 42
72 154 70
29 118 20
34 127 28
25 139 35
35 39 73
8 62 69
110 165 58
25 57 56
114 122 38
45 105 16
44 166 69
52 122 24
116 200 4
157 169 79
89 133 41
28 165 34
27 129 18
96 187 64
22 147 2
6 162 55
43 95 95
24 84 60
137 161 81
59 105 41
11 61 1
157 180 84
6 41 57
134 192 96
66 101 1
15 47 41
104 166 25
52 164 35
81 186 69
158 167 44
127 183 26
154 174 78
10 129 77
21 28 68
55 171 51
61 66 53
149 156 58
6 36 11
9 116 22
118 121 64
101 166 70
35 44 33
10 177 45
130 144 28
132 154 55
29 48 25
65 199 27
20 31 8
53 78 99
105 120 57
12 175 65
53 173 3
41 88 99
7 169 37
21 121 100
146 181 20
71 152 67
111 175 41
64 180 29
89 102 2
50 160 56
107 136 71
23 194 95
29 183 55
115 133 68
25 80 68
157 182 5
116 148 60
88 150 27
158 162 26
22 65 42
35 124 5
162 193 12
84 129 6
70 189 72
42 147 29
84 126 35
73 182 10
22 92 44
112 163 58
25 29 25
82 153 6
107 191 71
150 160 45
6 53 22
13 27 94
25 173 88
100 157 77
100 152 23
82 177 2
3 114 52
81 82 58
7 119 28
39 86 19
12 71 97
123 167 31
39 88 22
156 169 58
50 71 93
142 198 85
85 121 74
140 174 26
64 81 3
6 73 92
33 58 32
125 148 29
81 138 19
8 140 56
68 83 38
90 133 39
45 100 81
27 145 67
26 145 99
12 70 31
32 200 74
14 66 86
84 169 30
182 189 33
137 146 89
36 61 10
14 183 35
80 145 50
55 172 77
112 140 46
22 50 26
91 132 36
127 196 14
111 182 41
41 155 16
157 164 11
13 174 66
27 68 28
108 176 20
30 193 100
117 189 88
12 163 81
46 64 98
21 175 69
44 162 40
59 147 21
83 93 23
191 198 10
81 162 43
79 171 44
65 192 77
19 192 79
113 182 71
140 180 92
27 154 67
26 190 19
76 149 56
62 152 62
18 189 54
173 187 24
56 133 62
33 188 82
53 81 14
74 82 73
41 183 78
90 107 88
24 45 71
54 92 63
9 62 12
43 47 12
57 104 91
76 80 11
38 163 38
7 10 90
8 180 54
23 121 93
21 86 83
17 175 96
130 194 40
15 172 20
72 139 98
90 187 1
2 52 45
48 100 49
68 145 99
33 134 82
70 190 35
97 187 49
16 72 53
30 42 90
137 150 77
48 180 3
177 194 65
121 150 1
173 178 64
14 182 83
21 51 70
42 69 1
24 97 67
149 185 19
77 99 55
33 194 76
49 79 46
33 80 96
81 118 87
168 188 53
32 69 83
150 158 38
2 38 25
16 57 32
124 153 2
47 160 12
3 28 9
31 151 46
82 174 41
93 163 68
178 199 32
55 75 33
108 196 77
55 102 10
110 120 14
40 107 25
130 172 82
28 108 45
55 158 6
49 90 60
103 193 99
13 178 32
37 161 31
102 180 52
74 144 58
112 124 59
15 45 11
3 159 28
56 92 28
44 184 66
48 148 40
28 29 16
8 66 72
60 116 70
17 25 13
77 104 18
32 169 47
145 157 32
100 150 7
58 148 6
80 108 49
24 179 99
36 47 26
98 181 29
68 198 94
22 57 78
2 119 17
148 168 48
136 173 49
7 75 27
113 143 95
60 66 57
131 197 59
74 112 76
160 183 35
152 191 65
25 32 92
23 109 60
102 123 76
23 139 41
28 101 42
3 152 73
79 87 99
55 81 14
142 154 15
6 77 13
5 14 97
56 168 23
163 182 86
80 194 15
63 81 72
37 180 99
25 62 88
10 99 75
121 153 98
20 37 53
57 131 13
29 134 12
160 200 94
91 111 72
25 109 3
104 186 83
100 154 20
89 111 44
72 138 79
28 172 25
28 185 100
55 130 46
67 83 8
10 84 31
130 155 75
79 177 40
4 56 76
118 133 86
27 51 66
49 136 78
101 126 9
7 149 75
17 110 12
55 135 53
89 130 46
11 115 78
50 200 31
181 182 44
86 94 72
77 93 25
112 156 25
108 187 48
31 101 25
72 198 61
88 197 97
75 188 74
46 78 31
14 51 56
56 181 63
48 124 45
103 177 58
8 177 10
16 129 15
120 153 50
113 142 81
35 138 70
58 181 96
95 134 43
33 185 16
9 15 62
26 108 71
74 81 51
75 138 53
51 107 74
6 80 71
115 138 16
7 47 33
182 198 16
105 190 24
101 177 18
25 184 29
36 38 94
92 125 3
147 154 4
138 182 95
67 74 25
120 160 21
22 109 33
16 200 4
35 180 19
21 142 99
91 148 43
27 34 8
50 88 74
18 125 81
13 109 4
10 34 53
17 89 52
62 177 90
18 122 2
47 99 29
17 153 32
9 187 53
16 119 14
141 178 34
59 122 93
9 35 97
75 129 49
174 193 60
83 101 16
135 181 45
8 160 23
92 192 46
122 161 63
126 158 99
155 184 65
42 87 29
46 114 76
24 142 1
57 119 15
120 140 16
9 86 59
55 64 5
91 170 29
80 167 76
188 200 40
77 88 1
48 164 91
11 164 58
8 178 91
15 181 10
155 160 66
71 149 81
9 99 23
26 196 96
78 129 38
65 166 62
12 159 44
9 91 69
160 189 63
53 102 10
14 157 6
144 189 31
41 106 37
27 54 75
7 152 18
107 198 71
137 194 11
38 69 95
6 10 98
97 193 85
4 33 31
71 148 98
3 172 57
124 175 27
117 176 38
26 80 51
63 190 77
57 148 64
124 195 11
94 128 80
162 176 47
124 166 70
15 162 44
47 95 79
152 161 44
146 173 30
69 94 79
7 58 73
36 92 36
72 132 97
94 185 84
29 45 12
179 191 33
55 94 92
51 71 30
84 108 3
58 113 4
78 200 79
81 176 58
39 191 94
90 179 75
175 192 8
64 113 34
52 167 74
57 116 32
21 48 6
61 130 3
42 104 75
151 154 37
102 151 5
149 173 86
56 81 15
117 126 29
71 176 49
140 196 59
97 126 84
67 133 2
24 188 50
16 60 59
31 117 87
28 58 86
148 175 11
114 177 56
71 124 90
42 78 18
75 95 41
190 191 91
75 81 28
52 180 59
146 161 25
31 36 88
25 120 9
102 200 31
170 174 69
81 181 49
78 189 90
127 156 43
74 195 20
55 192 33
36 162 79
End Testcase 0
